FT   ID   AT   WT   ST
5   1    1     0     4
6   8    4     0     2
6   5    3     0     3
7   6    3     0     4
7   4    3     0     4
8   18    7     0     1
8   14    7     0     1
9   26    8     0     1
9   21    7     0     2
9   17    7     0     2
9   3    3     0     6
9   2    2     0     7
10   28    9     0     1
10   34    9     0     1
10   13    7     0     3
10   23    7     0     3
10   19    7     0     3
10   20    7     0     3
10   15    7     0     3
11   38    9     0     2
11   12    7     0     4
11   7    4     0     7
12   27    8     0     4
12   16    7     0     5
12   11    6     0     6
13   42    10     0     3
13   39    9     0     4
13   36    9     0     4
14   49    12     0     2
14   32    9     0     5
14   22    7     2     5
14   40    9     0     5
15   56    13     0     2
15   35    9     0     6
16   31    9     0     7
16   24    7     0     9
17   69    16     0     1
17   71    16     0     1
17   37    9     6     2
17   33    9     0     8
17   29    9     0     8
18   41    9     8     1
18   75    17     0     1
18   72    16     0     2
18   60    14     0     4
18   63    14     0     4
18   54    13     0     5
18   55    13     0     5
18   46    12     0     6
19   52    13     3     3
20   73    17     1     2
20   47    12     4     4
20   57    13     0     7
21   76    17     2     2
21   67    16     2     3
21   62    14     2     5
21   51    13     0     8
22   70    16     0     6
22   65    15     0     7
22   64    15     0     7
22   59    14     0     8
23   74    17     2     4
23   77    18     0     5
23   68    16     2     5
23   44    10     6     7
23   66    16     0     7
25   82    19     0     6
25   80    19     0     6
26   78    18     1     7
27   79    18     7     2
29   53    13     11     5
35   58    14     16     5
36   81    19     15     2
37   61    14     17     6


Region A:
Orders: 24[Norm:2, Froz:9, VIP:13]
MotorC: 9[Norm:2, Froz:3, VIP:4]
Avg Wait: 3.33333, Avg Serv: 4.25


Region B:
Orders: 21[Norm:1, Froz:11, VIP:9]
MotorC: 18[Norm:5, Froz:6, VIP:7]
Avg Wait: 0.238095, Avg Serv: 3.71429


Region C:
Orders: 14[Norm:0, Froz:8, VIP:6]
MotorC: 18[Norm:8, Froz:3, VIP:7]
Avg Wait: 1.57143, Avg Serv: 4.64286


Region D:
Orders: 15[Norm:1, Froz:7, VIP:7]
MotorC: 18[Norm:8, Froz:9, VIP:1]
Avg Wait: 0, Avg Serv: 4.4

Whole Restaurant:
Orders: 74[Norm:4, Froz:35, VIP:35]
MotorC: 63[Norm:23, Froz:21, VIP:19]
Avg Wait: 5.14286, Avg Serv: 17.0071
